City ID,City,Country,Orig Lat,Orig Lon,Act Lat,Act Lon,Temperature (F),Humidity,Cloudiness,Wind Speed
4030556,rikitea,pf,-21.13514814041386,-131.8076962563873,-23.12,-134.97,76.62,82,79,15.59
2077963,albany,au,-83.47743900657119,111.35277333525727,-35.02,117.89,66.2,72,65,13.87
295620,ashqelon,il,32.03870063848278,33.54650022838675,31.67,34.57,59.54,63,40,9.17
2136825,isangel,vu,-16.37415612890274,176.6172398374868,-19.55,169.27,78.94,84,93,21.16
2126199,cherskiy,ru,84.41114037517767,160.97050022421593,68.75,161.3,-1.32,93,70,7.54
5563397,eureka,us,40.702104999051244,-135.49569704026712,40.8,-124.16,50.07,81,90,3.36
2984701,quimper,fr,48.095030042454425,-3.9734303550617653,48.0,-4.1,58.26,77,90,3.36
1688253,santa cruz,ph,13.406890365597832,121.94923293804538,14.28,121.42,81.99,74,75,2.24
1651810,airai,pw,18.197084774356,146.08159689511984,-8.93,125.41,61.34,68,100,1.07
1649150,bengkulu,id,-9.856006164949292,91.74889391097634,-3.8,102.27,77.0,83,100,4.68
3901903,uyuni,bo,-20.699144286731837,-67.81016281566119,-20.46,-66.83,62.08,11,17,11.81
2155415,new norfolk,au,-52.108292891458646,137.730357479181,-42.78,147.06,47.23,71,75,6.93
2075265,busselton,au,-56.14516937302198,101.88551444218814,-33.65,115.33,73.0,34,99,1.01
5847411,kahului,us,27.52727905949503,-151.41039115366678,20.89,-156.47,68.5,94,90,5.82
3356832,henties bay,na,-22.267078282262418,6.849886795869992,-22.12,14.28,62.01,87,3,5.01
5855927,hilo,us,10.104387754169679,-152.77149315850042,19.73,-155.09,66.49,72,1,6.93
1507390,dikson,ru,79.71722587361896,88.17303318600159,73.51,80.55,-4.05,89,1,2.89
2163355,hobart,au,-56.835454967795194,143.61601407373183,-42.88,147.33,47.68,71,75,6.93
6620339,karratha,au,-19.06339667390614,112.40252946571172,-20.74,116.85,80.73,67,17,8.43
1512101,agirish,ru,63.746685275696905,62.62572313878698,61.92,63.02,21.16,88,81,15.14
2121385,severo-kurilsk,ru,37.985950213841164,166.54769663950282,50.68,156.12,33.06,93,100,30.76
2029947,moron,mn,47.39520810991945,101.05366915703439,47.38,110.32,32.07,44,89,3.53
898188,siavonga,zm,-17.292271103356384,28.33266359971094,-16.54,28.71,78.03,53,3,1.83
3870243,taltal,cl,-24.230875613919352,-81.16258300473035,-25.4,-70.48,71.6,60,12,5.79
3893629,coquimbo,cl,-30.118838508827523,-83.2282943007389,-29.95,-71.34,69.87,60,0,4.79
2109701,auki,sb,-4.591687250631267,163.51148108775908,-8.77,160.7,81.52,78,80,1.01
4033557,tautira,pf,-20.651769969476632,-145.19358963094905,-17.73,-149.15,78.4,83,75,4.7
2074865,carnarvon,au,-26.583717539056742,95.89686012199934,-24.87,113.63,75.2,83,48,10.29
933995,souillac,mu,-48.72328719123087,73.36575998424127,-20.52,57.52,77.5,78,40,14.99
2070998,geraldton,au,-29.163040464422195,104.65012089304656,-28.77,114.6,65.07,88,99,4.79
3578441,saint-francois,gp,17.44118814527252,-56.18489387027425,16.25,-61.27,86.0,66,75,11.41
3833367,ushuaia,ar,-74.671938539242,-69.44980454503533,-54.8,-68.3,50.0,76,75,5.82
1504442,karatuzskoye,ru,53.2382123752881,93.22783108054756,53.61,92.87,39.58,81,30,4.68
2090021,namatanai,pg,2.9455022710478147,156.69200161311534,-3.67,152.43,82.31,73,99,5.95
2638534,sandwick,gb,58.82206356215298,-0.21815097530529215,60.0,-1.25,48.2,76,100,18.34
2210247,tripoli,ly,34.10388575162057,13.36948732448235,32.88,13.19,60.66,68,7,13.4
2206939,bluff,nz,-89.35108087018772,152.4767353173346,-46.6,168.33,45.0,88,67,4.0
6165406,thompson,ca,55.08204098287379,-99.42770524461379,55.74,-97.86,30.2,92,90,6.93
2122090,pevek,ru,84.3472538793389,167.12475806606875,69.7,170.31,-1.52,93,100,7.58
1623197,tual,id,-5.234077495468199,130.90478519566608,-5.67,132.75,83.77,72,51,7.38
