City ID,City,Country,Orig Lat,Orig Lon,Act Lat,Act Lon,Temperature (F),Humidity,Cloudiness,Wind Speed
2163355,hobart,au,-70.09726533888602,152.68454721317755,-42.88,147.33,45.39,85,80,1.99
3573374,the valley,ai,19.50602401210527,-63.327727445049476,18.22,-63.06,84.2,66,75,11.41
3831208,qaanaaq,gl,86.8975873466523,-90.07690584819032,77.48,-69.36,14.11,75,35,5.55
3874787,punta arenas,cl,-58.79676754575449,-105.39189401077256,-53.15,-70.92,55.26,76,90,8.05
2063036,port lincoln,au,-38.901256651037876,134.02698927376247,-34.73,135.87,58.84,79,43,16.53
2206939,bluff,nz,-84.45668215682406,164.355209722906,-46.6,168.33,44.01,86,67,1.99
4030556,rikitea,pf,-28.50161774593751,-119.33696312730757,-23.12,-134.97,76.62,82,79,15.59
5411479,alamosa,us,38.54029787759944,-106.42351953399886,37.47,-105.87,59.14,6,1,4.7
3833367,ushuaia,ar,-67.30143010572691,-58.21990794310777,-54.8,-68.3,55.4,72,40,6.78
3897774,buin,pg,-8.268144745460106,154.7202692691589,-33.73,-70.74,85.21,22,20,3.36
3664980,boa vista,br,3.9275534492393263,-61.64544014602987,2.82,-60.67,89.6,59,40,9.17
978895,margate,za,-40.52818440167199,39.399560973042895,-30.86,30.37,66.07,59,18,24.23
3894426,coihaique,cl,-49.065234015514974,-79.18852621673474,-45.58,-72.07,62.98,52,4,3.36
3423146,ilulissat,gl,79.65449398463659,-42.14798325879812,69.22,-51.1,19.4,67,75,6.93
4032243,vaini,to,-39.68001659869266,-175.62246039877377,-21.2,-175.2,75.2,94,75,3.36
4034551,faanui,pf,-11.600734796466469,-152.2785158189235,-16.48,-151.75,82.6,78,40,16.58
2338242,ikom,ng,5.511634318336704,8.941120307026551,5.97,8.71,85.24,65,47,3.09
3386213,touros,br,-3.008197265793939,-33.06243437848548,-5.2,-35.46,87.8,62,20,11.41
2122104,petropavlovsk-kamchatskiy,ru,53.77690139810127,158.91309399649958,53.05,158.65,30.2,74,100,4.47
2126682,bilibino,ru,67.36078760621612,168.42927725271335,68.05,166.44,-0.04,86,100,5.03
6137462,saint-augustin,ca,55.01397196492724,-59.54605771635359,51.23,-58.65,29.32,93,88,12.71
3372783,ponta delgada,pt,28.6629102582924,-28.793508405299605,37.73,-25.67,66.22,93,75,14.99
6185377,yellowknife,ca,85.37011856013345,-110.34892324994303,62.46,-114.35,25.09,68,75,6.93
5848280,kapaa,us,27.5984484882038,-171.1397657248948,22.08,-159.32,71.78,78,1,3.36
2125906,dukat,ru,63.77418167799786,155.71368523637517,62.55,155.55,1.89,76,0,2.57
2112802,hasaki,jp,27.467037319055933,160.41924718828835,35.73,140.83,43.29,93,20,6.93
1638775,lahat,id,-4.046996166366739,103.65996639683215,-3.8,103.53,73.9,86,100,1.77
2274895,monrovia,lr,3.8089964034797674,-11.733990720115344,6.3,-10.8,84.2,83,40,6.93
1627185,sijunjung,id,-0.04807412415121348,102.00614037719276,-0.69,100.95,74.08,80,98,0.38
4020109,atuona,pf,-8.031365744322628,-123.70149388975709,-9.8,-139.03,82.27,78,26,17.4
1640902,kawalu,id,-16.4598126769379,105.69597431627653,-7.38,108.21,73.47,82,100,0.56
2025630,chara,ru,58.33608158104144,119.04562251142124,56.91,118.26,20.5,84,6,0.81
5880054,barrow,us,82.21130229633559,-147.47659750257318,71.29,-156.79,-7.6,83,1,11.41
3702269,bisira,pa,9.694219202760223,-81.35988088602535,8.52,-81.71,74.3,45,89,11.34
5354943,half moon bay,us,32.826364360947494,-133.1764404119474,37.46,-122.43,55.58,76,1,8.05
2155415,new norfolk,au,-61.20029971558206,129.83722526697733,-42.78,147.06,45.23,80,81,1.01
4398103,mexico,us,39.09006553329942,-91.92285528018803,39.17,-91.88,75.7,64,40,11.41
